        1000   1.7798047101772269E-016
        2000   3.2580280385326941E-016
        3000   9.3124868265926898E-016
        4000   1.4016402678268811E-015
        5000   1.3672533697871216E-015
        6000   9.5741754032962783E-016
        7000   1.9777161187615614E-015
        8000   1.7643822585213793E-015
        9000   1.9263853692478588E-015
       10000   1.9056495270666493E-015
       11000   1.9771425552301359E-015
       12000   1.6926305554363400E-015
       13000   1.6791501709891874E-015
       14000   7.8956492049849319E-016
       15000   8.7135649242488455E-017
       16000   1.1256365701150066E-015
       17000   1.1190230976467250E-015
       18000   5.1362701012292777E-016
       19000   3.4064292618700834E-016
       20000   5.0846376394345088E-016
       21000   1.6026746210946410E-015
       22000   7.5582247293033484E-016
       23000   1.5889469225965324E-015
       24000   1.4993100604837471E-015
       25000   6.6381874057257550E-016
       26000   1.1574418236124410E-015
       27000   2.8010901344876639E-015
       28000   2.5453488921624468E-015
       29000   8.1842533650997239E-016
       30000   7.3428898949332404E-016
       31000   5.6939862481570592E-016
       32000   4.0553416544131871E-016
       33000   1.4558321530986745E-015
       34000   1.9358470558790279E-015
       35000   1.3676247570518797E-015
       36000   8.0243765378117549E-016
       37000   7.2041060841770240E-016
       38000   5.5897591939257188E-016
       39000   1.6730206611692873E-015
       40000   1.9076913926268309E-015
       41000   1.5069256403515876E-015
       42000   1.0288405071951611E-015
       43000   3.9487995366291195E-016
       44000   1.1822231806192802E-015
       45000   8.6523823682232269E-016
       46000   7.8505214750569939E-017
       47000   6.2685014368624682E-016
       48000   4.6926602126533186E-016
       49000   2.3420776672054372E-016
       50000   6.2344695055149223E-016
       51000   1.5559139571944243E-016
       52000   1.5532721257011158E-016
       53000   1.5506893194836938E-016
       54000   5.4185709512516612E-016
       55000   1.3138375926465711E-015
       56000   1.5432716509097754E-015
       57000   2.3113533116677212E-016
       58000   1.5385810504953610E-016
       59000   5.3770723207764567E-016
       60000   7.6703824162579357E-016
       61000   3.0637795057796928E-016
       62000   5.3541062916438207E-016
       63000   2.2914596031731715E-016
       64000   3.8139340363439677E-016
       65000   4.5706349394417904E-016
       66000   3.8038814573208609E-016
       67000   2.2793928530469574E-016
       68000   3.7941795118113420E-016
       69000   3.0315624225881023E-016
       70000   3.7848060621662150E-016
       71000   9.0725667707969676E-016
       72000   3.7757409557148051E-016
       73000   1.1313954658651132E-015
       74000   1.2054290550747897E-015
       75000   7.5253632627683287E-016
       76000   3.7584637521626020E-016
       77000   1.2013792868057872E-015
       78000   9.0005265075071358E-016
       79000   1.7981708811030646E-015
       80000   2.0207979771794333E-015
       81000   2.5420475349512646E-015
       82000   2.9875583706064564E-015
       83000   1.5668710222573008E-015
       84000   1.7889099642246733E-015
       85000   2.6062385978107562E-015
       86000   2.6780764944795630E-015
       87000   3.0470810979861131E-015
       88000   2.0046972896878037E-015
       89000   1.1126696989144060E-015
       90000   3.7054412449228192E-016
       91000   3.7020280361454654E-016
       92000   7.3973166208944110E-017
       93000   2.2171986268109740E-016
       94000   1.0337726701517563E-015
       95000   1.3279679902745724E-015
       96000   1.7690852586262342E-015
       97000   1.9148621987225440E-015
       98000   2.0604069688433623E-015
       99000   2.3527718485205172E-015
      100000   3.0119830493824362E-015
      101000   2.7892984321457002E-015
      102000   3.4471150044443781E-015
      103000   3.4443401437048973E-015
      104000   5.1990074679636996E-015
      105000   5.3412444335589972E-015
      106000   4.4597492507856164E-015
      107000   5.1868466919042235E-015
      108000   5.6208710449855528E-015
      109000   5.1060149495778310E-015
      110000   4.6648578056197049E-015
      111000   3.7145498723717604E-015
      112000   4.1485046605233274E-015
      113000   3.7818460780938853E-015
      114000   3.1250412390925072E-015
      115000   2.8323156650777093E-015
      116000   3.4834608954825366E-015
      117000   4.6413592383409493E-015
      118000   4.0583691365480495E-015
      119000   5.2867337868330295E-015
      120000   3.4738381985566472E-015
      121000   2.8929089506611314E-015
      122000   3.4691657352550189E-015
      123000   4.1168995556743636E-015
      124000   3.8254754043059847E-015
      125000   4.1836384800545558E-015
      126000   4.6134432303014731E-015
      127000   5.3308735201864914E-015
      128000   4.9675192960343568E-015
      129000   4.8204924912118252E-015
      130000   5.1050897085762563E-015
      131000   5.6767895042379728E-015
      132000   6.3914381349655922E-015
      133000   6.6028506182947315E-015
      134000   5.5946826043068050E-015
      135000   6.6665803239311340E-015
      136000   5.8745609698740587E-015
      137000   5.7994929432463079E-015
      138000   5.7960948295335101E-015
      139000   5.2206041816715297E-015
      140000   3.8595890501349388E-015
      141000   3.8573797056158531E-015
      142000   3.6410113385694782E-015
      143000   3.7103108233096257E-015
      144000   3.3516738043924181E-015
      145000   3.1359946842580138E-015
      146000   2.9205661202500515E-015
      147000   2.2070246814985254E-015
      148000   2.6327599957027467E-015
      149000   3.7692173511986890E-015
      150000   3.1274865178674113E-015
      151000   2.2733268114185127E-015
      152000   1.1360636120929071E-015
      153000   1.4903022461526027E-015
      154000   1.7023164585692338E-015
      155000   6.3803887427558964E-016
      156000   5.6685469759266194E-016
      157000   6.3738661943619767E-016
      158000   9.9098859194257413E-016
      159000   1.9102317846719995E-015
      160000   1.7678502432751449E-015
      161000   1.5549368791032256E-015
      162000   1.6248152175076302E-015
      163000   1.2709724201705629E-015
      164000   4.9402683944888189E-016
      165000   1.4108237660677993E-016
      166000   7.0507352306840709E-017
      167000   0.0000000000000000     
      168000   4.2264230030214278E-016
      169000   1.3377376439812445E-015
      170000   0.0000000000000000     
      171000   9.8478299945576472E-016
      172000   5.6247339579999324E-016
      173000   7.0276924054275082E-016
      174000   1.6156324431575828E-015
      175000   1.7553266534340621E-015
      176000   2.1054436002681976E-015
      177000   1.4731510052616956E-015
      178000   2.8047538874954678E-015
      179000   2.6633382547293914E-015
      180000   2.9423961121996220E-015
      181000   4.0615340554997438E-015
      182000   3.9197784235379602E-015
      183000   3.0784965247314249E-015
      184000   3.3569187574064292E-015
      185000   3.7749225449666136E-015
      186000   3.9130741851539363E-015
      187000   4.7495865020117891E-015
      188000   6.0043116818415512E-015
      189000   7.3277898499595101E-015
      190000   7.1852335949973663E-015
      191000   7.4611955773917449E-015
      192000   8.0157557303977838E-015
      193000   8.0124892279313561E-015
      194000   7.9395966624813640E-015
      195000   8.4237196789125122E-015
      196000   8.6987021574843702E-015
      197000   9.2517301311583816E-015
      198000   8.4136510844805970E-015
      199000   8.6883616101964630E-015
      200000   8.4070362144958943E-015
      201000   9.2371878906654911E-015
      202000   9.0947533874254861E-015
      203000   8.6054524414217535E-015
      204000   9.0877547674025470E-015
      205000   9.4310135846346457E-015
      206000   9.4274317905223718E-015
      207000   8.9388179070926192E-015
      208000   9.4895952472012709E-015
      209000   9.4860470650081159E-015
      210000   9.5517339158277442E-015
      211000   9.3406295123781567E-015
      212000   9.4755191352639583E-015
      213000   9.4720480365385715E-015
      214000   9.7450510697298316E-015
      215000   9.6724283178442257E-015
      216000   8.7711082355248372E-015
      217000   7.9394905264768201E-015
      218000   7.0394671089604798E-015
      219000   7.4509037097094378E-015
      220000   6.9655098438724526E-015
      221000   6.8251754991407800E-015
      222000   5.9268633667460549E-015
      223000   5.9936901709277128E-015
      224000   6.7491707394481782E-015
      225000   6.7468404601945825E-015
      226000   6.5380571500601010E-015
      227000   6.8110137011088698E-015
      228000   6.0521737422557825E-015
      229000   5.2251066546228977E-015
      230000   5.5669860045579658E-015
      231000   5.1528867975499185E-015
      232000   3.9835680252231590E-015
      233000   3.2269904511100136E-015
      234000   3.2945591112457516E-015
      235000   2.8131755105170716E-015
      236000   2.8808445265001437E-015
      237000   2.8113349715295565E-015
      238000   3.9757180973201655E-015
      239000   4.5226295174020302E-015
      240000   4.6581783235469362E-015
      241000   4.7251656109418181E-015
      242000   4.7921163204669876E-015
      243000   5.1327789089059548E-015
      244000   5.8837246344393384E-015
      245000   5.6082961500089937E-015
      246000   6.1535168553675804E-015
      247000   6.0832446858392602E-015
      248000   6.4913326868040105E-015
      249000   6.0794716520659548E-015
      250000   6.6921868096853338E-015
      251000   6.1440000919822470E-015
      252000   5.1184358219507169E-015
      253000   4.7075284152050806E-015
      254000   5.2517374513380880E-015
      255000   4.5683152113139355E-015
      256000   5.1804129751511485E-015
      257000   4.7018628731664685E-015
      258000   4.8367076573945132E-015
      259000   5.6525022269850563E-015
      260000   5.4465855727698137E-015
      261000   5.3088587671261208E-015
      262000   6.7361928888997605E-015
      263000   5.3737775405113633E-015
      264000   4.4201778053217862E-015
      265000   4.9627631291747076E-015
      266000   5.6409674376127928E-015
      267000   5.1637405338184217E-015
      268000   5.5698114390613220E-015
      269000   6.8584240368473150E-015
      270000   7.5353382233651862E-015
      271000   7.0581423591303529E-015
      272000   5.4278126695165888E-015
      273000   5.6297774554560423E-015
      274000   6.0350641751168231E-015
      275000   6.2367586702377400E-015
      276000   5.5573104987734754E-015
      277000   5.1492570048119554E-015
      278000   5.4187809334740360E-015
      279000   5.0110001859549733E-015
      280000   5.0773314171358572E-015
      281000   6.2941806266938468E-015
      282000   6.0894941573910140E-015
      283000   5.7496384675116554E-015
      284000   6.1538421424951010E-015
      285000   5.8817694946197693E-015
      286000   5.6774361758634731E-015
      287000   5.6083580023543426E-015
      288000   5.6744270256142780E-015
      289000   5.4703267701717915E-015
      290000   5.0637873706992478E-015
      291000   5.5349591472112289E-015
      292000   5.6684803084281522E-015
      293000   5.7344726690877713E-015
      294000   5.3957543208615183E-015
      295000   4.9223565612347129E-015
      296000   5.6626266996474502E-015
      297000   4.9872278212379129E-015
      298000   3.7057781900342133E-015
      299000   3.0985906488637654E-015
      300000   2.4917136846197080E-015
      301000   2.5584117596750427E-015
      302000   2.8270074958295470E-015
      303000   2.8262994360535438E-015
      304000   3.0274222093981924E-015
      305000   1.8160015853080814E-015
      306000   1.8827941970980182E-015
      307000   1.5461990216420798E-015
      308000   8.0651401323683260E-016
      309000   4.0315811707515124E-016
      310000   1.5450617819832797E-015
      311000   8.7308311725644631E-016
      312000   0.0000000000000000     
      313000   5.3702161482805406E-016
      314000   6.7111522514151232E-017
      315000   1.0735264380738063E-015
      316000   8.7203143357812321E-016
      317000   8.0476005728832177E-016
      318000   1.2739004702474293E-015
      319000   1.2065671051511329E-015
      320000   8.7120378449366928E-016
      321000   4.0199941470545051E-016
      322000   8.0381022746086441E-016
      323000   5.3574819891722235E-016
      324000   1.1381996366889164E-015
      325000   1.9411837321084180E-015
      326000   2.8107187625963261E-015
      327000   2.0071930536976309E-015
      328000   4.0134629509585610E-016
      329000   2.0062715136438191E-016
      330000   6.6860438586517408E-016
      331000   1.2032138381040953E-015
      332000   1.0692806511913083E-015
      333000   3.3407460328851394E-016
      334000   2.6719941105132572E-016
      335000   0.0000000000000000     
      336000   4.6738910449092425E-016
      337000   6.6754958608403973E-017
      338000   8.0088115158816445E-016
      339000   1.1343298249015581E-015
      340000   6.0039469659041362E-016
      341000   1.3339161944877608E-016
      342000   6.6681147145500253E-017
      343000   5.3333227035491761E-016
      344000   1.3330393872301618E-015
      345000   0.0000000000000000     
      346000   7.9947583232304281E-016
      347000   7.3269423172354177E-016
      348000   1.9978258416660385E-016
      349000   8.6553831438051657E-016
      350000   9.3191830300363491E-016
      351000   1.4641299779942829E-015
      352000   1.3307435748509883E-015
      353000   1.1974147399070570E-015
      354000   6.6508949443773029E-017
      355000   3.9896942085613330E-016
      356000   4.6536632047629191E-016
      357000   5.9820252764591469E-016
      358000   1.0632485916239054E-015
      359000   6.6439171035822422E-016
      360000   7.9710419311643791E-016
      361000   9.9617357823989288E-016
      362000   1.3279567628307713E-016
      363000   1.1949146629587182E-015
      364000   1.1946690184664147E-015
      365000   1.7252793255485066E-015
      366000   1.4595533924342220E-015
      367000   1.4592559833225854E-015
      368000   1.0610614575803637E-015
      369000   9.9454360195770736E-016
      370000   1.5246588282901371E-015
      371000   1.4580755922543257E-015
      372000   2.6505141435306746E-015
      373000   1.4574908688152739E-015
      374000   1.2584907852930422E-015
      375000   1.0595707180261989E-015
      376000   5.9589020682667474E-016
      377000   9.9295374302548412E-016
      378000   5.2947079448118359E-016
      379000   7.9404986494373063E-016
      380000   1.9847350284491931E-016
      381000   1.0583181711273869E-015
      382000   1.1242435936709635E-015
      383000   7.9342926324176994E-016
      384000   3.9663763795715816E-016
      385000   7.9312174860066255E-016
      386000   5.2864578581708900E-016
      387000   1.0570880849801804E-015
      388000   9.9082987636990350E-016
      389000   5.2834145886358666E-016
      390000   1.6507519225860408E-015
      391000   1.3203501704360977E-015
      392000   7.2605474709571230E-016
      393000   3.9595489296864038E-016
      394000   1.7814606420319462E-015
      395000   1.9130604481926351E-015
      396000   1.4510147434672729E-015
      397000   1.7804573667095592E-015
      398000   2.3075692826101185E-015
      399000   2.6367308765228897E-015
      400000   2.9657712683750825E-015
      401000   2.3721775041857495E-015
      402000   1.9105677295993232E-015
      403000   2.0419547127089944E-015
      404000   1.5147202555454962E-015
      405000   1.3169066464870101E-015
      406000   1.3166659281355751E-015
      407000   1.0531407116950411E-015
      408000   8.5552124276938783E-016
      409000   9.2116348640429856E-016
      410000   1.1841388355014218E-015
      411000   6.5773623116561417E-016
      412000   1.3152357695533167E-016
      413000   8.5474982802783143E-016
      414000   1.3147643565174253E-015
      415000   2.3004268514733807E-015
      416000   2.1685876587065786E-015
      417000   2.2996087049474734E-015
      418000   3.0218074480181082E-015
      419000   3.6780720809304360E-015
      420000   3.2177458509204928E-015
      421000   3.6767773475872084E-015
      422000   3.5448421748474712E-015
      423000   4.0036583743911559E-015
      424000   4.5935605336263616E-015
      425000   4.0022633010178726E-015
      426000   4.1983670422108799E-015
      427000   4.1976401231279030E-015
      428000   2.6230719720227836E-015
      429000   2.7537510844695747E-015
      430000   2.6221693961352906E-015
      431000   1.7041179434752423E-015
      432000   2.6868034157828442E-015
      433000   2.9484275923359072E-015
      434000   2.6858880765033550E-015
      435000   2.0304487518745374E-015
      436000   2.0955922457449381E-015
      437000   2.3571431161364316E-015
      438000   1.8330246665857306E-015
      439000   1.8327166064719858E-015
      440000   2.6177276435237013E-015
      441000   2.2901286182913082E-015
      442000   1.5046905859446482E-015
      443000   2.0277236930058230E-015
      444000   6.5399581757852118E-016
      445000   3.2694374915511489E-016
      446000   7.8453534952475181E-016
      447000   7.8440603413539699E-016
      448000   1.3071284169989582E-015
      449000   1.3069139935386029E-015
      450000   1.0453600937659238E-015
      451000   1.1758381068480129E-015
      452000   1.0450191963808678E-015
      453000   1.7631833556061437E-015
      454000   2.6117000621491374E-015
      455000   2.0237402197833512E-015
      456000   1.3054282035604585E-015
      457000   1.6967835102730241E-015
      458000   1.5007597666902830E-015
      459000   1.8267191949021710E-015
      460000   2.4134931258423894E-015
      461000   2.7392039892887947E-015
      462000   2.8691857526856698E-015
      463000   2.7383335280428205E-015
      464000   2.8030880061400901E-015
      465000   1.7598004510341730E-015
      466000   1.4988529868277345E-015
      467000   1.1728309157973210E-015
      468000   1.6938233043315476E-015
      469000   1.8889687152794739E-015
      470000   1.9538003771471216E-016
      471000   1.3023306202832871E-016
      472000   2.6042562986186091E-016
      473000   2.6038523391826457E-016
      474000   5.8577610550180323E-016
      475000   3.2538091874811907E-016
      476000   0.0000000000000000     
      477000   2.6022462375463700E-016
      478000   1.1057850277718619E-015
      479000   5.8532601755435450E-016
      480000   3.2513147018323306E-016
      481000   6.5016387589306540E-017
      482000   4.5504553307250888E-016
      483000   1.6249161334328100E-015
      484000   8.4482852119449203E-016
      485000   1.0396319452270562E-015
      486000   1.4292785539147955E-015
      487000   1.9487232143500185E-015
      488000   2.2731693922472327E-015
      489000   1.7533253580445269E-015
      490000   1.1687090091345202E-015
      491000   2.5967441202195614E-016
      492000   3.8945370171136922E-016
      493000   5.8409388023174631E-016
      494000   4.5422798490276397E-016
      495000   6.4880126497418145E-017
      496000   1.1676701346168028E-015
      497000   2.5295798440883241E-015
      498000   2.2049510757818577E-015
      499000   2.9827322160171721E-015
      500000   3.6954541501687513E-015
      501000   3.7597383440829123E-015
      502000   3.2406821222883073E-015
      503000   3.4994285010568934E-015
      504000   3.8876905183077007E-015
      505000   3.4336301096254849E-015
      506000   3.3683585933048515E-015
      507000   2.7202056405249002E-015
      508000   2.9788448246669323E-015
      509000   3.4316552559126575E-015
      510000   3.9490759157250845E-015
      511000   3.8190527299635727E-015
      512000   3.8185086643446759E-015
      513000   3.8826770998552053E-015
      514000   3.6233178623452522E-015
      515000   3.1052613509683524E-015
      516000   3.1048226540863856E-015
      517000   3.6864571045481256E-015
      518000   3.4272761100015973E-015
      519000   2.9741993688723484E-015
      520000   3.6849045972603385E-015
      521000   3.1026436831506055E-015
      522000   2.4559168545530196E-015
      523000   2.7140564440012485E-015
      524000   2.6490678849446778E-015
      525000   2.7133029731074189E-015
      526000   3.2942690702641938E-015
      527000   2.6479681929112303E-015
      528000   2.7121789098300971E-015
      529000   3.0346398762445740E-015
      530000   3.4861289024137159E-015
      531000   3.2274549265256664E-015
      532000   3.0333928535439884E-015
      533000   2.1295384244520400E-015
      534000   2.1292484478478272E-015
      535000   2.5160425638661391E-015
      536000   2.2576806805166951E-015
      537000   1.6769072159306160E-015
      538000   2.0636070100342052E-015
      539000   2.9015561371922339E-015
      540000   1.8696401479725171E-015
      541000   2.7718527976014966E-015
      542000   1.7402324663700217E-015
      543000   1.2244442438145654E-015
      544000   1.2887166324029255E-016
      545000   3.2213623721834006E-016
      546000   0.0000000000000000     
      547000   8.3733172991631934E-016
      548000   1.1592288491790572E-015
      549000   1.0302894431835958E-015
      550000   7.0823054941220601E-016
      551000   1.1587701288453095E-015
      552000   1.5448238096209011E-015
      553000   2.3169318021925920E-015
      554000   2.0592253497945583E-015
      555000   2.7023801711302021E-015
      556000   3.7313717214624205E-015
      557000   5.2103754327209794E-015
      558000   4.8881123106891789E-015
      559000   3.7942268104401417E-015
      560000   4.5653431533788384E-015
      561000   4.9505073765096689E-015
      562000   4.1141770442388445E-015
      563000   3.9208205001957018E-015
      564000   3.4704445837913468E-015
      565000   2.9559257490852971E-015
      566000   2.7627945139660767E-015
      567000   1.4133422954178892E-015
      568000   2.1839779149056148E-015
      569000   2.2479265894494994E-015
      570000   3.2109159916125627E-015
      571000   4.4947127426605260E-015
      572000   4.0447298140138968E-015
      573000   3.7232494060451981E-015
      574000   3.5944085064867238E-015
      575000   3.8506675926686276E-015
      576000   3.9143539135675440E-015
      577000   3.9780251121865849E-015
      578000   4.4907569252754325E-015
      579000   4.6184876091628840E-015
      580000   4.9386004306678514E-015
      581000   5.1303752303638436E-015
      582000   4.4885209968493263E-015
      583000   4.7444198911868498E-015
      584000   4.8079388761938313E-015
      585000   4.3586596872198465E-015
      586000   3.7813121793878592E-015
      587000   4.7420793006764388E-015
      588000   4.1648284495663219E-015
      589000   3.6517865251343493E-015
      590000   3.3951053725055513E-015
      591000   3.3306399770571852E-015
      592000   3.1381050780591510E-015
      593000   3.3938638955491434E-015
      594000   4.0337255653610453E-015
      595000   3.5210794838869489E-015
      596000   3.3286177052245951E-015
      597000   3.3922197259759323E-015
      598000   3.2638177976923186E-015
      599000   2.3675827802732646E-015
      600000   2.8151655345644138E-015
      601000   3.1986680304457213E-015
      602000   3.0063879439965274E-015
      603000   3.5176930693223081E-015
      604000   3.5812238093144305E-015
      605000   3.5168544931243640E-015
      606000   3.0049547362017566E-015
      607000   2.7488876461219180E-015
      608000   3.1320822778712764E-015
      609000   3.4512743267514236E-015
      610000   3.1952471381385105E-015
      611000   2.8114861336390439E-015
      612000   2.2361463452595239E-015
      613000   2.1081189711554724E-015
      614000   2.3633714679183189E-015
      615000   1.4050834588756866E-015
      616000   9.5789953872388646E-016
      617000   1.6601655820862161E-015
      618000   1.2130566970736391E-015
      619000   1.2129157299137520E-015
      620000   8.9362370114587079E-016
      621000   1.0211659582153220E-015
      622000   1.0848633981848906E-015
      623000   1.7866276172580071E-015
      624000   2.4882303370233960E-015
      625000   2.1689769606169600E-015
      626000   2.1687279296764136E-015
      627000   2.1047005487647708E-015
      628000   1.7856021892857626E-015
      629000   1.9129266686891967E-015
      630000   2.1677363357315812E-015
      631000   2.2312392549616145E-015
      632000   1.3385914098610113E-015
      633000   1.4659099743332514E-015
      634000   9.5591996271936562E-016
      635000   3.1860395881070839E-016
      636000   5.0970879179084646E-016
      637000   9.5559628658895624E-016
      638000   1.5924813028686569E-015
      639000   2.5476839182759955E-015
      640000   2.2926584372112694E-015
      641000   2.4197574628096951E-015
      642000   2.2284749218395250E-015
      643000   2.2918899167385203E-015
      644000   3.2464824263402118E-015
      645000   4.2645124871116054E-015
      646000   5.8550984617454205E-015
      647000   5.7908142615908981E-015
      648000   5.2811473213302987E-015
      649000   5.6622915005069675E-015
      650000   6.4886521759613192E-015
      651000   7.9509041940740642E-015
      652000   8.0772307815047778E-015
      653000   8.2671242476010797E-015
      654000   9.0928404308681623E-015
      655000   9.7276393508984942E-015
      656000   9.3451427607914323E-015
      657000   9.3441240005103521E-015
      658000   8.7075215002932745E-015
      659000   9.1514368528298248E-015
      660000   9.2775335722563426E-015
      661000   9.5942180844290701E-015
      662000   9.9108356278146044E-015
      663000   1.0481482930456991E-014
      664000   1.0670905080389175E-014
      665000   1.1304861362742811E-014
      666000   1.1748172249494712E-014
      667000   1.0476975657761910E-014
      668000   9.5235033326924474E-015
      669000   9.0781024466420843E-015
      670000   8.8232275445241978E-015
      671000   7.7433024200362282E-015
      672000   7.6155525952285630E-015
      673000   6.7898129822931856E-015
      674000   7.1697895832761119E-015
      675000   7.4228012802058442E-015
      676000   7.8026326737162068E-015
      677000   7.5480916196571765E-015
      678000   7.5472960616883778E-015
      679000   8.1806616623432360E-015
      680000   8.0529835130219213E-015
      681000   8.7495680887412330E-015
      682000   9.0022358016167823E-015
      683000   9.0012944239423039E-015
      684000   9.0637373990014998E-015
      685000   8.6825355261861795E-015
      686000   8.9351101380276688E-015
      687000   8.5540036700525641E-015
      688000   8.4264033006326609E-015
      689000   1.0072626523632019E-014
      690000   9.4381516674384269E-015
      691000   9.1204931599319413E-015
      692000   9.4362038434141496E-015
      693000   9.3719086350622379E-015
      694000   9.1809936507859936E-015
      695000   9.8764690280298652E-015
      696000   1.0002065318809701E-014
      697000   1.0127637360224342E-014
      698000   9.8734376104080787E-015
      699000   1.0884987413192753E-014
      700000   1.0883878761798261E-014
      701000   1.1705307005244611E-014
      702000   1.1324525413131597E-014
      703000   1.1386636360511774E-014
      704000   1.0752956806566317E-014
      705000   1.1763810625715594E-014
      706000   1.1446423823605529E-014
      707000   1.1382036820014023E-014
      708000   1.1127982877299478E-014
      709000   1.1695852300717531E-014
      710000   1.2895754181452307E-014
      711000   1.3652960294540732E-014
      712000   1.3841200311567269E-014
      713000   1.3271058451508361E-014
      714000   1.2827410658880062E-014
      715000   1.2257487212184289E-014
      716000   1.2003562079329322E-014
      717000   1.1876029801419583E-014
      718000   1.2695986115670745E-014
      719000   1.2315782451394463E-014
      720000   1.2061958912905616E-014
      721000   1.1113587911088520E-014
      722000   1.1491327890917956E-014
      723000   1.1553330297939674E-014
      724000   1.2562223342546192E-014
      725000   1.3002835001271537E-014
      726000   1.3254018917875300E-014
      727000   1.3442047251486016E-014
      728000   1.3819346761644608E-014
      729000   1.3691807395990836E-014
      730000   1.4005922914923592E-014
      731000   1.3689143089373587E-014
      732000   1.4570898833927359E-014
      733000   1.5389414060447694E-014
      734000   1.5450989579725276E-014
      735000   1.6017028563603289E-014
      736000   1.5700217173984536E-014
      737000   1.5761750975852612E-014
      738000   1.6264561538542312E-014
      739000   1.6199963612612649E-014
      740000   1.5946293711368693E-014
      741000   1.6259879627671519E-014
      742000   1.6069273522199874E-014
      743000   1.6130748887013179E-014
      744000   1.6318224038051108E-014
      745000   1.6253670640068409E-014
      746000   1.6504095259929173E-014
      747000   1.6376553896298438E-014
      748000   1.6752884993043634E-014
      749000   1.7003197258229110E-014
      750000   1.7505339676598437E-014
      751000   1.7755537776543874E-014
      752000   1.7879776955807899E-014
      753000   1.8255799082005217E-014
      754000   1.7750521162942499E-014
      755000   1.7308279630202273E-014
      756000   1.7810122693553718E-014
      757000   1.7367962876505659E-014
      758000   1.8498925879984650E-014
      759000   1.8811776458104869E-014
      760000   1.8810022094098415E-014
      761000   1.8367942963677227E-014
      762000   1.8995215452080604E-014
      763000   1.9748158122567302E-014
      764000   1.9683440371340740E-014
      765000   2.0373303809644232E-014
      766000   2.0874417779774244E-014
      767000   2.1689786384970351E-014
      768000   2.2064965079091811E-014
      769000   2.2565791994021490E-014
      770000   2.2877974698982121E-014
      771000   2.2247415655032932E-014
      772000   2.2245375422452423E-014
      773000   2.2180503915680419E-014
      774000   2.1675847111311867E-014
      775000   2.1485399124853041E-014
      776000   2.2237244553722579E-014
      777000   2.0790558168667318E-014
      778000   2.0286222157815978E-014
      779000   1.8902781067719144E-014
      780000   1.9403420530972576E-014
      781000   1.9527240178297374E-014
      782000   1.9588256800746108E-014
      783000   2.0214259487695830E-014
      784000   1.9145319899760268E-014
      785000   1.9645722371138442E-014
      786000   1.9141873169454136E-014
      787000   1.9328417361400956E-014
      788000   1.9452181293974693E-014
      789000   2.0517075501510366E-014
      790000   2.1330830418490673E-014
      791000   2.1517120931728772E-014
      792000   2.1076115272624143E-014
      793000   2.1638725736096226E-014
      794000   2.1511369445140553E-014
      795000   2.1760296950044566E-014
      796000   2.2322703795143374E-014
      797000   2.2822314707569657E-014
      798000   2.2256056664941823E-014
      799000   2.2692902469733386E-014
      800000   2.2878945442908754E-014
      801000   2.3629046766903995E-014
      802000   2.3752308546462687E-014
      803000   2.3875551243848800E-014
      804000   2.4562714778207924E-014
      805000   2.3934016071103518E-014
      806000   2.4307814238396910E-014
      807000   2.4430975517268687E-014
      808000   2.5305774586405161E-014
      809000   2.5491465174869033E-014
      810000   2.5363990455743142E-014
      811000   2.4798188831354429E-014
      812000   2.3856790742439769E-014
      813000   2.3541666818541730E-014
      814000   2.3414416220797332E-014
      815000   2.3349790123530903E-014
      816000   2.3222583116830994E-014
      817000   2.3470935506937977E-014
      818000   2.3281161169798746E-014
      819000   2.1902432768428090E-014
      820000   2.1587684858815405E-014
      821000   2.2524345836296022E-014
      822000   2.2647539030654764E-014
      823000   2.3271168715429121E-014
      824000   2.4019797198247675E-014
      825000   2.3892653236339725E-014
      826000   2.3702992572555375E-014
      827000   2.3575902238137921E-014
      828000   2.3386305739822315E-014
      829000   2.3696943210930716E-014
      830000   2.3069736201881064E-014
      831000   2.2880238107846444E-014
      832000   2.3190846607579668E-014
      833000   2.3688916130102368E-014
      834000   2.3436922390375074E-014
      835000   2.3059987160507494E-014
      836000   2.2870581560200734E-014
      837000   2.3118588846788279E-014
      838000   2.2616827674354207E-014
      839000   2.3364596669944384E-014
      840000   2.2363168037232010E-014
      841000   2.2111449992326088E-014
      842000   2.1547493722617586E-014
      843000   2.1483244107978186E-014
      844000   2.1731237763534154E-014
      845000   2.1417224266169473E-014
      846000   2.0728650949706312E-014
      847000   2.1288804313876941E-014
      848000   2.1287038796432039E-014
      849000   2.1160435325625934E-014
      850000   2.0909024876875229E-014
      851000   2.0220789127599527E-014
      852000   1.9158240826775777E-014
      853000   1.9406260173242643E-014
      854000   1.9279874054985393E-014
      855000   2.0151739149637306E-014
      856000   2.1210615421958276E-014
      857000   2.0709843782804745E-014
      858000   2.0333904073031630E-014
      859000   2.0768822719673342E-014
      860000   2.1266035983351101E-014
      861000   2.1763170081746091E-014
      862000   2.2322578742802305E-014
      863000   2.2507807418303722E-014
      864000   2.2755351512608297E-014
      865000   2.2379473855234679E-014
      866000   2.3187992226319668E-014
      867000   2.3310770825696513E-014
      868000   2.3807471063286552E-014
      869000   2.3992502278636099E-014
      870000   2.3616687411592751E-014
      871000   2.3864016717781469E-014
      872000   2.3176761555664927E-014
      873000   2.4047071939361347E-014
      874000   2.4605779137872065E-014
      875000   2.4292365307126238E-014
      876000   2.3854437682573564E-014
      877000   2.4101641934962007E-014
      878000   2.3788350342147985E-014
      879000   2.2852428957098345E-014
      880000   2.2352501578149634E-014
      881000   2.2786530048436842E-014
      882000   2.4029784785143579E-014
      883000   2.4712608643438863E-014
      884000   2.4897378762166851E-014
      885000   2.4646452210391617E-014
      886000   2.4333334006325634E-014
      887000   2.3335752100747224E-014
      888000   2.2525001136797285E-014
      889000   2.3207632589357951E-014
      890000   2.2521451527235602E-014
      891000   2.1586544214092789E-014
      892000   2.1522644215630051E-014
      893000   2.2702742008422099E-014
      894000   2.1830240907941148E-014
      895000   2.2326048493369743E-014
      896000   2.2386487643225051E-014
      897000   2.1389862158949613E-014
      898000   2.1947768640599239E-014
      899000   2.2008228945797818E-014
      900000   2.1571359337178350E-014
      901000   2.1569682821315249E-014
      902000   2.1568008425289813E-014
      903000   2.1069129547074676E-014
      904000   2.0756767823755769E-014
      905000   2.0630879840770088E-014
      906000   2.1126377115928764E-014
      907000   1.9633588210619148E-014
      908000   2.0191216260574763E-014
      909000   2.0127539752602248E-014
      910000   2.0933516376595485E-014
      911000   2.1490920938640597E-014
      912000   2.1365056784954379E-014
      913000   2.2108655224589399E-014
      914000   2.1734373833824974E-014
      915000   2.2167366547125991E-014
      916000   2.2351940060787701E-014
      917000   2.2226067331982376E-014
      918000   2.2348532668657606E-014
      919000   2.3526248285033985E-014
      920000   2.4021018756828430E-014
      921000   2.4826041570331925E-014
      922000   2.5258581892438595E-014
      923000   2.4760223273937961E-014
      924000   2.5502962186637455E-014
      925000   2.5066710909724285E-014
      926000   2.5375027141306947E-014
      927000   2.5311077204209513E-014
      928000   2.4626816135936874E-014
      929000   2.4873074304007903E-014
      930000   2.5057274506182118E-014
      931000   2.5799613792498259E-014
      932000   2.6231775543479597E-014
      933000   2.6105793559088486E-014
      934000   2.6971902498179835E-014
      935000   2.6411890067973309E-014
      936000   2.5665978011538900E-014
      937000   2.6097998658124311E-014
      938000   2.6839886427966107E-014
      939000   2.6527984317576785E-014
      940000   2.6835897345460192E-014
      941000   2.5718409164568277E-014
      942000   2.6088308188558589E-014
      943000   2.6334228692475465E-014
      944000   2.6208365019638866E-014
      945000   2.6392290668623732E-014
      946000   2.5646953773034948E-014
      947000   2.5768953160628321E-014
      948000   2.4466315671205873E-014
      949000   2.4526452408842451E-014
      950000   2.4338858458076729E-014
      951000   2.5080189843747357E-014
      952000   2.4335289895041782E-014
      953000   2.5014599393004821E-014
      954000   2.5012770649124652E-014
      955000   2.5939568249797924E-014
      956000   2.6494809984564410E-014
      957000   2.6245282519579060E-014
      958000   2.5748214407337559E-014
      959000   2.5932013271910301E-014
      960000   2.6548987657764678E-014
      961000   2.6794586918196705E-014
      962000   2.6668891914503172E-014
      963000   2.6048238714498284E-014
      964000   2.6417562504917648E-014
      965000   2.6415654745468449E-014
      966000   2.6042595851975895E-014
      967000   2.4803630528867407E-014
      968000   2.4739995272367119E-014
      969000   2.4738216550761381E-014
      970000   2.4736439919188506E-014
      971000   2.4116298738697890E-014
      972000   2.3743577191350056E-014
      973000   2.3123599554789961E-014
      974000   2.3678356647409848E-014
      975000   2.3800303402323333E-014
      976000   2.4293121846644512E-014
      977000   2.5094922556968295E-014
      978000   2.4227855524805080E-014
      979000   2.4102529940101089E-014
      980000   2.3482848167887394E-014
      981000   2.4346278097923964E-014
      982000   2.4035611447678825E-014
      983000   2.3663206715399525E-014
      984000   2.4279327748219618E-014
      985000   2.4462937758463771E-014
      986000   2.4090586971622956E-014
      987000   2.4027122338617805E-014
      988000   2.3531334140302302E-014
      989000   2.2788586653209421E-014
      990000   2.3404518873283042E-014
      991000   2.3649872164409764E-014
      992000   2.3709958654738798E-014
      993000   2.3399596242045681E-014
      994000   2.3644903287940013E-014
      995000   2.4445763219516398E-014
      996000   2.4567511418181760E-014
      997000   2.5368198567958401E-014
      998000   2.6045338256062732E-014
      999000   2.6228669342559225E-014
     1000000   2.7214209692836869E-014
