        1000   4.45911581E-07
        2000   5.83046713E-08
        3000   2.77755618E-07
        4000   1.61249929E-07
        5000   2.62156561E-07
        6000   3.59806677E-07
        7000   5.05608568E-07
        8000   3.48985139E-07
        9000   8.37225286E-07
       10000   4.38466060E-07
       11000   4.34237535E-07
       12000   4.78275410E-07
       13000   3.79573095E-07
       14000   9.41987253E-08
       15000   1.40341740E-07
       16000   1.02269644E-06
       17000   3.69704878E-07
       18000   9.19170731E-08
       19000   1.37160896E-07
       20000   1.09191581E-06
       21000   4.98143379E-07
       22000   7.66470919E-07
       23000   1.34693369E-06
       24000   5.81342192E-07
       25000   5.79125867E-07
       26000   7.98938061E-07
       27000   4.42301229E-07
       28000   2.33630885E-06
       29000   6.59083412E-07
       30000   1.09505208E-06
       31000   6.55057875E-07
       32000   2.61263381E-07
       33000   4.34218833E-07
       34000   1.12590897E-06
       35000   1.77081142E-06
       36000   1.46474019E-06
       37000   1.20327479E-06
       38000   2.70087253E-06
       39000   1.92470839E-06
       40000   1.10953306E-06
       41000   3.53414475E-06
       42000   2.80426730E-06
       43000   2.50158655E-06
       44000   1.98873272E-06
       45000   3.37833228E-07
       46000   1.72803493E-06
       47000   4.20671313E-07
       48000   2.68731401E-06
       49000   3.52068491E-06
       50000   4.14205579E-06
       51000   5.68017094E-06
       52000   3.16885144E-06
       53000   2.03967556E-06
       54000   5.15318243E-06
       55000   4.85456212E-06
       56000   3.72841669E-07
       57000   4.63266088E-06
       58000   5.12134147E-06
       59000   2.02075762E-06
       60000   1.01301803E-05
       61000   3.53644532E-06
       62000   5.58469856E-06
       63000   3.56761598E-06
       64000   5.03704132E-06
       65000   5.43937222E-06
       66000   5.79985772E-06
       67000   3.67120242E-06
       68000   8.39229961E-06
       69000   4.15028580E-06
       70000   7.68083282E-06
       71000   2.59776289E-06
       72000   1.09866733E-05
       73000   4.94026608E-06
       74000   5.78401932E-06
       75000   8.80759490E-06
       76000   4.27777195E-06
       77000   7.49789524E-06
       78000   1.31673451E-05
       79000   1.08605934E-06
       80000   8.55878716E-06
       81000   9.75404691E-06
       82000   4.25043936E-06
       83000   7.37052278E-06
       84000   2.04883981E-05
       85000   4.07768994E-06
       86000   6.43011708E-06
       87000   1.12518501E-05
       88000   1.06431607E-05
       89000   4.57977922E-06
       90000   6.64436084E-06
       91000   2.30148380E-05
       92000   1.19934921E-05
       93000   1.38874225E-06
       94000   9.91085199E-06
       95000   1.36650069E-05
       96000   1.29407817E-05
       97000   7.63122898E-06
       98000   2.05431525E-06
       99000   1.59862830E-05
      100000   2.88693391E-05
      101000   1.17827631E-05
      102000   1.33877313E-06
      103000   1.03475613E-05
      104000   1.53714645E-05
      105000   1.67735270E-05
      106000   1.43660573E-05
      107000   8.35406718E-06
      108000   1.41086196E-06
      109000   1.45676804E-05
      110000   3.10695614E-05
      111000   2.65499621E-05
      112000   1.06279758E-05
      113000   1.87418357E-06
      114000   1.12370981E-05
      115000   1.75455334E-05
      116000   2.05722572E-05
      117000   2.04799708E-05
      118000   1.75475761E-05
      119000   1.17421059E-05
      120000   2.91407218E-06
      121000   8.58089697E-06
      122000   2.30866153E-05
      123000   4.00541721E-05
      124000   3.50681148E-05
      125000   1.85878307E-05
      126000   4.87621764E-06
      127000   6.30414888E-06
      128000   1.48808303E-05
      129000   2.10905491E-05
      130000   2.48991764E-05
      131000   2.61568985E-05
      132000   2.51768943E-05
      133000   2.18476980E-05
      134000   1.62506149E-05
      135000   8.31279431E-06
      136000   1.65385984E-06
      137000   1.37610441E-05
      138000   2.80817985E-05
      139000   4.46890263E-05
      140000   5.57900566E-05
      141000   3.80803322E-05
      142000   2.22300023E-05
      143000   8.38912456E-06
      144000   3.17769900E-06
      145000   1.29334503E-05
      146000   2.09193877E-05
      147000   2.68326585E-05
      148000   3.10586765E-05
      149000   3.33711068E-05
      150000   3.39638464E-05
      151000   3.25726687E-05
      152000   2.95819391E-05
      153000   2.48798860E-05
      154000   1.83930442E-05
      155000   1.03144903E-05
      156000   4.94532401E-07
      157000   1.08740451E-05
      158000   2.39028850E-05
      159000   3.84375307E-05
      160000   5.44757168E-05
      161000   7.21290344E-05
      162000   6.57606579E-05
      163000   4.85201272E-05
      164000   3.28493516E-05
      165000   1.86702873E-05
      166000   5.71581450E-06
      167000   5.63748381E-06
      168000   1.53918936E-05
      169000   2.36252836E-05
      170000   3.06420516E-05
      171000   3.63306135E-05
      172000   4.07305633E-05
      173000   4.34286594E-05
      174000   4.50683547E-05
      175000   4.54249239E-05
      176000   4.46131380E-05
      177000   4.21826444E-05
      178000   3.86626380E-05
      179000   3.42050917E-05
      180000   2.80590048E-05
      181000   2.06401601E-05
      182000   1.23635818E-05
      183000   3.04257765E-06
      184000   7.80960272E-06
      185000   1.95154444E-05
      186000   3.25240253E-05
      187000   4.69461884E-05
      188000   6.22178995E-05
      189000   7.84130316E-05
      190000   9.59423996E-05
      191000   1.01255187E-04
      192000   8.34794118E-05
      193000   6.67649147E-05
      194000   5.07738987E-05
      195000   3.66641179E-05
      196000   2.29388897E-05
      197000   1.02326203E-05
      198000   1.34391439E-06
      199000   1.19413216E-05
      200000   2.12996474E-05
      201000   3.02033768E-05
      202000   3.74603187E-05
      203000   4.41156189E-05
      204000   4.97230394E-05
      205000   5.42837988E-05
      206000   5.83573201E-05
      207000   6.11257201E-05
      208000   6.31483053E-05
      209000   6.41285224E-05
      210000   6.46249173E-05
      211000   6.34865428E-05
      212000   6.24232634E-05
      213000   5.96161917E-05
      214000   5.64772454E-05
      215000   5.21165857E-05
      216000   4.75737252E-05
      217000   4.15145332E-05
      218000   3.47928253E-05
      219000   2.72981979E-05
      220000   1.89574184E-05
      221000   9.66035350E-06
      222000   2.58996494E-07
      223000   1.07999776E-05
      224000   2.17031247E-05
      225000   3.40768856E-05
      226000   4.69960360E-05
      227000   6.03492044E-05
      228000   7.52436390E-05
      229000   9.00906089E-05
      230000   1.06329200E-04
      231000   1.22777652E-04
      232000   1.40025732E-04
      233000   1.58256953E-04
      234000   1.40190648E-04
      235000   1.23240941E-04
      236000   1.06228130E-04
      237000   9.06616260E-05
      238000   7.53623681E-05
      239000   6.03301014E-05
      240000   4.67782156E-05
      241000   3.31611373E-05
      242000   2.09858244E-05
      243000   8.89144485E-06
      244000   2.82823180E-06
      245000   1.29985674E-05
      246000   2.30526020E-05
      247000   3.24767061E-05
      248000   4.09413115E-05
      249000   4.93274601E-05
      250000   5.62420828E-05
      251000   6.31525545E-05
      252000   6.95459385E-05
      253000   7.51296684E-05
      254000   7.96481763E-05
      255000   8.49693388E-05
      256000   8.77256825E-05
      257000   9.14315679E-05
      258000   9.38552184E-05
      259000   9.57655575E-05
      260000   9.74554787E-05
      261000   9.82308775E-05
      262000   9.87135863E-05
      263000   9.81369521E-05
      264000   9.77432064E-05
      265000   9.62182457E-05
      266000   9.44387575E-05
      267000   9.23320040E-05
      268000   8.88042705E-05
      269000   8.52056692E-05
      270000   8.22287111E-05
      271000   7.68487298E-05
      272000   7.18360752E-05
      273000   6.71904490E-05
      274000   6.00355379E-05
      275000   5.39037537E-05
      276000   4.68294529E-05
      277000   3.91771828E-05
      278000   3.16019723E-05
      279000   2.24314426E-05
      280000   1.38112528E-05
      281000   4.17854653E-06
      282000   6.35687729E-06
      283000   1.59058854E-05
      284000   2.73011137E-05
      285000   3.91618341E-05
      286000   5.05805110E-05
      287000   6.24644163E-05
      288000   7.57198577E-05
      289000   8.92580283E-05
      290000   1.02208738E-04
      291000   1.16348150E-04
      292000   1.31421708E-04
      293000   1.46342121E-04
      294000   1.61000877E-04
      295000   1.77823604E-04
      296000   1.93587606E-04
      297000   2.10754108E-04
      298000   2.27187789E-04
      299000   2.44878232E-04
      300000   2.48610886E-04
      301000   2.31098296E-04
      302000   2.12365281E-04
      303000   1.96748035E-04
      304000   1.80451811E-04
      305000   1.63946504E-04
      306000   1.47557177E-04
      307000   1.33413181E-04
      308000   1.18554046E-04
      309000   1.03521415E-04
      310000   8.96498241E-05
      311000   7.60009571E-05
      312000   6.31514049E-05
      313000   5.03077463E-05
      314000   3.77221768E-05
      315000   2.53945200E-05
      316000   1.39367976E-05
      317000   3.31238971E-06
      318000   8.35108131E-06
      319000   1.90375886E-05
      320000   2.88557676E-05
      321000   3.83817533E-05
      322000   4.73640139E-05
      323000   5.74927544E-05
      324000   6.60712831E-05
      325000   7.37475493E-05
      326000   8.12766739E-05
      327000   8.94130717E-05
      328000   9.78331373E-05
      329000   1.03197635E-04
      330000   1.09744302E-04
      331000   1.16395742E-04
      332000   1.22111363E-04
      333000   1.28039683E-04
      334000   1.32172237E-04
      335000   1.38095726E-04
      336000   1.41579018E-04
      337000   1.45849233E-04
      338000   1.50547552E-04
      339000   1.53667614E-04
      340000   1.56249080E-04
      341000   1.58793628E-04
      342000   1.61838238E-04
      343000   1.65060497E-04
      344000   1.65776495E-04
      345000   1.66742626E-04
      346000   1.68602535E-04
      347000   1.69210049E-04
      348000   1.71175881E-04
      349000   1.70317027E-04
      350000   1.70101819E-04
      351000   1.69457941E-04
      352000   1.69350169E-04
      353000   1.68813887E-04
      354000   1.67777922E-04
      355000   1.65243051E-04
      356000   1.63315999E-04
      357000   1.61782285E-04
      358000   1.59500036E-04
      359000   1.57111732E-04
      360000   1.53333647E-04
      361000   1.50091932E-04
      362000   1.46815975E-04
      363000   1.42650388E-04
      364000   1.38664705E-04
      365000   1.34645074E-04
      366000   1.29879161E-04
      367000   1.24972794E-04
      368000   1.18644348E-04
      369000   1.13066038E-04
      370000   1.08237422E-04
      371000   1.03481987E-04
      372000   9.56691219E-05
      373000   8.85708359E-05
      374000   8.14043451E-05
      375000   7.45607977E-05
      376000   6.87864595E-05
      377000   6.08821720E-05
      378000   5.16309119E-05
      379000   4.32360321E-05
      380000   3.54128788E-05
      381000   2.68827134E-05
      382000   1.78944829E-05
      383000   9.40688096E-06
      384000   7.80790288E-07
      385000   1.04320770E-05
      386000   2.05406377E-05
      387000   3.03613433E-05
      388000   4.16675102E-05
      389000   5.14090461E-05
      390000   6.12175281E-05
      391000   7.39992174E-05
      392000   8.52166122E-05
      393000   9.67129236E-05
      394000   1.08983913E-04
      395000   1.20647914E-04
      396000   1.32838381E-04
      397000   1.44563717E-04
      398000   1.57947972E-04
      399000   1.71574648E-04
      400000   1.84665143E-04
      401000   1.98387206E-04
      402000   2.12422150E-04
      403000   2.25037016E-04
      404000   2.38353954E-04
      405000   2.53574544E-04
      406000   2.69319309E-04
      407000   2.84421782E-04
      408000   2.99129722E-04
      409000   3.14079080E-04
      410000   3.27786460E-04
      411000   3.43677704E-04
      412000   3.60727863E-04
      413000   3.77665419E-04
      414000   3.94031755E-04
      415000   4.10003500E-04
      416000   4.25157574E-04
      417000   4.43021796E-04
      418000   4.60173731E-04
      419000   4.77530586E-04
      420000   4.75615525E-04
      421000   4.57853079E-04
      422000   4.39920084E-04
      423000   4.23789868E-04
      424000   4.07347601E-04
      425000   3.90170841E-04
      426000   3.73034680E-04
      427000   3.56819481E-04
      428000   3.40926170E-04
      429000   3.25354689E-04
      430000   3.10738309E-04
      431000   2.95528269E-04
      432000   2.80498847E-04
      433000   2.63785711E-04
      434000   2.48730794E-04
      435000   2.34348670E-04
      436000   2.20533533E-04
      437000   2.07214805E-04
      438000   1.93408108E-04
      439000   1.79394847E-04
      440000   1.65702120E-04
      441000   1.52259512E-04
      442000   1.37486379E-04
      443000   1.24262966E-04
      444000   1.13080074E-04
      445000   1.01022924E-04
      446000   8.76356717E-05
      447000   7.61475894E-05
      448000   6.46629924E-05
      449000   5.20943395E-05
      450000   3.94242961E-05
      451000   2.72841880E-05
      452000   1.60945310E-05
      453000   5.96004156E-06
      454000   3.89097249E-06
      455000   1.45801832E-05
      456000   2.59670142E-05
      457000   3.67547727E-05
      458000   4.66284691E-05
      459000   5.72697645E-05
      460000   6.75576448E-05
      461000   7.72472049E-05
      462000   8.56385377E-05
      463000   9.41323815E-05
      464000   1.03918625E-04
      465000   1.14191826E-04
      466000   1.23062477E-04
      467000   1.30146465E-04
      468000   1.38522460E-04
      469000   1.47490457E-04
      470000   1.56630631E-04
      471000   1.64579455E-04
      472000   1.72106491E-04
      473000   1.80190473E-04
      474000   1.86839403E-04
      475000   1.92857522E-04
      476000   2.00515700E-04
      477000   2.07228586E-04
      478000   2.14114130E-04
      479000   2.21730865E-04
      480000   2.30532343E-04
      481000   2.36957654E-04
      482000   2.41182381E-04
      483000   2.45580362E-04
      484000   2.51233141E-04
      485000   2.56919127E-04
      486000   2.62847607E-04
      487000   2.68844131E-04
      488000   2.74838909E-04
      489000   2.80901644E-04
      490000   2.86021474E-04
      491000   2.89885123E-04
      492000   2.93782505E-04
      493000   2.97190971E-04
      494000   3.01190710E-04
      495000   3.06094909E-04
      496000   3.10440519E-04
      497000   3.14436620E-04
      498000   3.18640465E-04
      499000   3.22355743E-04
      500000   3.25478293E-04
      501000   3.29191535E-04
      502000   3.31999036E-04
      503000   3.34805722E-04
      504000   3.37785546E-04
      505000   3.39547172E-04
      506000   3.41760373E-04
      507000   3.44737957E-04
      508000   3.47158406E-04
      509000   3.48917732E-04
      510000   3.50919814E-04
      511000   3.53581650E-04
      512000   3.56694421E-04
      513000   3.57652345E-04
      514000   3.57602636E-04
      515000   3.58490681E-04
      516000   3.60385573E-04
      517000   3.61620216E-04
      518000   3.61500541E-04
      519000   3.62005725E-04
      520000   3.62614897E-04
      521000   3.63640342E-04
      522000   3.64561361E-04
      523000   3.64753592E-04
      524000   3.65188607E-04
      525000   3.64929816E-04
      526000   3.64775158E-04
      527000   3.63996398E-04
      528000   3.63356521E-04
      529000   3.62855499E-04
      530000   3.61938699E-04
      531000   3.60155769E-04
      532000   3.58581252E-04
      533000   3.57457553E-04
      534000   3.57061595E-04
      535000   3.56977485E-04
      536000   3.56789504E-04
      537000   3.55701253E-04
      538000   3.53228505E-04
      539000   3.50410235E-04
      540000   3.46762070E-04
      541000   3.44533764E-04
      542000   3.42306041E-04
      543000   3.39421618E-04
      544000   3.36780096E-04
      545000   3.34243086E-04
      546000   3.31983407E-04
      547000   3.30934679E-04
      548000   3.30024515E-04
      549000   3.27662652E-04
      550000   3.22432432E-04
      551000   3.17203638E-04
      552000   3.13012948E-04
      553000   3.08996125E-04
      554000   3.05084017E-04
      555000   3.01656604E-04
      556000   2.98057421E-04
      557000   2.95218924E-04
      558000   2.91690609E-04
      559000   2.87714473E-04
      560000   2.82496563E-04
      561000   2.77728803E-04
      562000   2.73618032E-04
      563000   2.70094984E-04
      564000   2.64192204E-04
      565000   2.58187472E-04
      566000   2.52322265E-04
      567000   2.47079472E-04
      568000   2.42907132E-04
      569000   2.38425549E-04
      570000   2.33462502E-04
      571000   2.27087410E-04
      572000   2.20024624E-04
      573000   2.13377265E-04
      574000   2.07799880E-04
      575000   2.02258423E-04
      576000   1.96821813E-04
      577000   1.91972213E-04
      578000   1.86331730E-04
      579000   1.79384122E-04
      580000   1.71818509E-04
      581000   1.64220444E-04
      582000   1.57657138E-04
      583000   1.50613632E-04
      584000   1.42711549E-04
      585000   1.35258888E-04
      586000   1.28289874E-04
      587000   1.20875440E-04
      588000   1.13153335E-04
      589000   1.06568295E-04
      590000   1.00225712E-04
      591000   9.31626637E-05
      592000   8.59983193E-05
      593000   7.77701134E-05
      594000   6.99908924E-05
      595000   6.13888114E-05
      596000   5.13799459E-05
      597000   4.21295881E-05
      598000   3.30190342E-05
      599000   2.44948369E-05
      600000   1.63850291E-05
      601000   8.79250183E-06
      602000   4.80777885E-07
      603000   9.06493824E-06
      604000   1.89172133E-05
      605000   2.78400912E-05
      606000   3.53876821E-05
      607000   4.33794849E-05
      608000   5.15064858E-05
      609000   6.23420783E-05
      610000   7.28661471E-05
      611000   8.31817306E-05
      612000   9.38719968E-05
      613000   1.03805032E-04
      614000   1.13495502E-04
      615000   1.24109283E-04
      616000   1.34754664E-04
      617000   1.45534490E-04
      618000   1.55865986E-04
      619000   1.65269492E-04
      620000   1.74567802E-04
      621000   1.84446239E-04
      622000   1.94938839E-04
      623000   2.05600081E-04
      624000   2.15676337E-04
      625000   2.26298012E-04
      626000   2.37533401E-04
      627000   2.49964389E-04
      628000   2.62118410E-04
      629000   2.74509017E-04
      630000   2.86485796E-04
      631000   2.97980412E-04
      632000   3.10053903E-04
      633000   3.21303203E-04
      634000   3.32344382E-04
      635000   3.43588006E-04
      636000   3.54589400E-04
      637000   3.66374676E-04
      638000   3.78054392E-04
      639000   3.89731227E-04
      640000   4.02635982E-04
      641000   4.14819602E-04
      642000   4.26897663E-04
      643000   4.40203148E-04
      644000   4.53642046E-04
      645000   4.66872647E-04
      646000   4.80373274E-04
      647000   4.93289786E-04
      648000   5.05280797E-04
      649000   5.18259418E-04
      650000   5.30654157E-04
      651000   5.42840979E-04
      652000   5.56049112E-04
      653000   5.69970929E-04
      654000   5.84776921E-04
      655000   5.99476916E-04
      656000   6.13183598E-04
      657000   6.25794812E-04
      658000   6.38368772E-04
      659000   6.51894952E-04
      660000   6.65383763E-04
      661000   6.79005636E-04
      662000   6.93852140E-04
      663000   7.08217500E-04
      664000   7.21795077E-04
      665000   7.35880749E-04
      666000   7.49451574E-04
      667000   7.63496384E-04
      668000   7.78798887E-04
      669000   7.94949767E-04
      670000   8.11096805E-04
      671000   8.26694712E-04
      672000   8.41539295E-04
      673000   8.56550643E-04
      674000   8.71592434E-04
      675000   8.86392081E-04
      676000   9.00949817E-04
      677000   9.15299635E-04
      678000   9.29135364E-04
      679000   9.42831335E-04
      680000   9.56728298E-04
      681000   9.71098489E-04
      682000   9.87064675E-04
      683000   1.00367377E-03
      684000   1.02150382E-03
      685000   1.03919359E-03
      686000   1.05640292E-03
      687000   1.07268966E-03
      688000   1.08808815E-03
      689000   1.10399316E-03
      690000   1.12050632E-03
      691000   1.13711762E-03
      692000   1.15362310E-03
      693000   1.16998842E-03
      694000   1.18560216E-03
      695000   1.20145013E-03
      696000   1.21753209E-03
      697000   1.23313442E-03
      698000   1.24890299E-03
      699000   1.26436201E-03
      700000   1.24748936E-03
      701000   1.23011449E-03
      702000   1.21430494E-03
      703000   1.19955093E-03
      704000   1.18428993E-03
      705000   1.16882764E-03
      706000   1.15306256E-03
      707000   1.13716407E-03
      708000   1.12082704E-03
      709000   1.10411947E-03
      710000   1.08717720E-03
      711000   1.06996612E-03
      712000   1.05282606E-03
      713000   1.03677437E-03
      714000   1.02150580E-03
      715000   1.00620580E-03
      716000   9.90433386E-04
      717000   9.74392402E-04
      718000   9.57913231E-04
      719000   9.41809849E-04
      720000   9.25810833E-04
      721000   9.10153496E-04
      722000   8.94295401E-04
      723000   8.78507737E-04
      724000   8.62349872E-04
      725000   8.48261989E-04
      726000   8.33701924E-04
      727000   8.18771543E-04
      728000   8.04182433E-04
      729000   7.89765094E-04
      730000   7.75790424E-04
      731000   7.61411618E-04
      732000   7.47272221E-04
      733000   7.33169029E-04
      734000   7.17679970E-04
      735000   7.01990328E-04
      736000   6.86607964E-04
      737000   6.71769725E-04
      738000   6.57712342E-04
      739000   6.44570973E-04
      740000   6.31296425E-04
      741000   6.17448823E-04
      742000   6.03569555E-04
      743000   5.89151401E-04
      744000   5.74092846E-04
      745000   5.58800064E-04
      746000   5.43442206E-04
      747000   5.28492616E-04
      748000   5.14695130E-04
      749000   5.01812727E-04
      750000   4.89709957E-04
      751000   4.78251342E-04
      752000   4.66355152E-04
      753000   4.53852495E-04
      754000   4.40507050E-04
      755000   4.26656858E-04
      756000   4.12538648E-04
      757000   3.98895703E-04
      758000   3.85592779E-04
      759000   3.73541785E-04
      760000   3.60884762E-04
      761000   3.47959576E-04
      762000   3.34867684E-04
      763000   3.22216802E-04
      764000   3.09230323E-04
      765000   2.96583545E-04
      766000   2.84681417E-04
      767000   2.72781152E-04
      768000   2.60207802E-04
      769000   2.47703952E-04
      770000   2.35100903E-04
      771000   2.21825030E-04
      772000   2.08854952E-04
      773000   1.96224297E-04
      774000   1.84573844E-04
      775000   1.72385597E-04
      776000   1.60131851E-04
      777000   1.48655628E-04
      778000   1.37484691E-04
      779000   1.26045779E-04
      780000   1.15249219E-04
      781000   1.03847582E-04
      782000   9.25825589E-05
      783000   8.12181970E-05
      784000   7.00241289E-05
      785000   5.89666124E-05
      786000   4.81803800E-05
      787000   3.70252274E-05
      788000   2.59728949E-05
      789000   1.53602032E-05
      790000   4.47970888E-06
      791000   6.60115847E-06
      792000   1.73098506E-05
      793000   2.76801384E-05
      794000   3.85875355E-05
      795000   5.02675721E-05
      796000   6.20804203E-05
      797000   7.40260439E-05
      798000   8.58687999E-05
      799000   9.76423689E-05
      800000   1.09750588E-04
      801000   1.20645534E-04
      802000   1.31269611E-04
      803000   1.41387398E-04
      804000   1.51436325E-04
      805000   1.61147327E-04
      806000   1.68872430E-04
      807000   1.76428191E-04
      808000   1.84958088E-04
      809000   1.94226435E-04
      810000   2.03426112E-04
      811000   2.12960600E-04
      812000   2.22930641E-04
      813000   2.32899140E-04
      814000   2.42698050E-04
      815000   2.52159341E-04
      816000   2.61484791E-04
      817000   2.71010416E-04
      818000   2.80971348E-04
      819000   2.90863594E-04
      820000   3.00922256E-04
      821000   3.11348878E-04
      822000   3.21740255E-04
      823000   3.32432333E-04
      824000   3.42887652E-04
      825000   3.53576383E-04
      826000   3.64397740E-04
      827000   3.73370945E-04
      828000   3.81839200E-04
      829000   3.90239031E-04
      830000   3.97530006E-04
      831000   4.04618477E-04
      832000   4.11437446E-04
      833000   4.19496966E-04
      834000   4.27387538E-04
      835000   4.35545313E-04
      836000   4.43701865E-04
      837000   4.51655913E-04
      838000   4.59944189E-04
      839000   4.68097045E-04
      840000   4.76047484E-04
      841000   4.83896118E-04
      842000   4.91911254E-04
      843000   5.00059221E-04
      844000   5.08440717E-04
      845000   5.17457840E-04
      846000   5.26607677E-04
      847000   5.35689062E-04
      848000   5.45137736E-04
      849000   5.54316910E-04
      850000   5.62791014E-04
      851000   5.70962264E-04
      852000   5.77691593E-04
      853000   5.85022965E-04
      854000   5.91817312E-04
      855000   5.98543731E-04
      856000   6.05838432E-04
      857000   6.13199023E-04
      858000   6.21161307E-04
      859000   6.29323302E-04
      860000   6.37182733E-04
      861000   6.44237502E-04
      862000   6.50521251E-04
      863000   6.57105411E-04
      864000   6.63621584E-04
      865000   6.69735251E-04
      866000   6.75847987E-04
      867000   6.82629121E-04
      868000   6.90044893E-04
      869000   6.97626907E-04
      870000   7.05308164E-04
      871000   7.12386158E-04
      872000   7.19529984E-04
      873000   7.27007166E-04
      874000   7.33446621E-04
      875000   7.39684387E-04
      876000   7.46322505E-04
      877000   7.53126806E-04
      878000   7.59896648E-04
      879000   7.65462057E-04
      880000   7.70859595E-04
      881000   7.76256260E-04
      882000   7.81718991E-04
      883000   7.87414901E-04
      884000   7.93310406E-04
      885000   7.99171743E-04
      886000   8.05667019E-04
      887000   8.12929706E-04
      888000   8.20358342E-04
      889000   8.27251468E-04
      890000   8.33675964E-04
      891000   8.39765533E-04
      892000   8.45653762E-04
      893000   8.52209108E-04
      894000   8.59297637E-04
      895000   8.65283364E-04
      896000   8.70734104E-04
      897000   8.76150676E-04
      898000   8.81800021E-04
      899000   8.86413967E-04
      900000   8.90893687E-04
      901000   8.95539706E-04
      902000   8.99984734E-04
      903000   9.04662767E-04
      904000   9.10474511E-04
      905000   9.16418852E-04
      906000   9.22595849E-04
      907000   9.28638445E-04
      908000   9.32645635E-04
      909000   9.36852419E-04
      910000   9.41091857E-04
      911000   9.45230771E-04
      912000   9.49202280E-04
      913000   9.53339913E-04
      914000   9.57243610E-04
      915000   9.61680198E-04
      916000   9.66482796E-04
      917000   9.71184694E-04
      918000   9.75985953E-04
      919000   9.81253106E-04
      920000   9.86585976E-04
      921000   9.91751673E-04
      922000   9.97582916E-04
      923000   1.00354652E-03
      924000   1.00960932E-03
      925000   1.01577106E-03
      926000   1.02083280E-03
      927000   1.02549419E-03
      928000   1.02945545E-03
      929000   1.03331625E-03
      930000   1.03750953E-03
      931000   1.04196859E-03
      932000   1.04522845E-03
      933000   1.04941998E-03
      934000   1.05327810E-03
      935000   1.05690258E-03
      936000   1.06042682E-03
      937000   1.06424990E-03
      938000   1.06737379E-03
      939000   1.06976507E-03
      940000   1.07222260E-03
      941000   1.07517873E-03
      942000   1.07860041E-03
      943000   1.08242081E-03
      944000   1.08577486E-03
      945000   1.08906196E-03
      946000   1.09238178E-03
      947000   1.09636632E-03
      948000   1.09985156E-03
      949000   1.10370200E-03
      950000   1.10738561E-03
      951000   1.11066981E-03
      952000   1.11398683E-03
      953000   1.11773552E-03
      954000   1.12128421E-03
      955000   1.12423417E-03
      956000   1.12715038E-03
      957000   1.12973398E-03
      958000   1.13211782E-03
      959000   1.13433518E-03
      960000   1.13655219E-03
      961000   1.13953301E-03
      962000   1.14327762E-03
      963000   1.14751980E-03
      964000   1.15209364E-03
      965000   1.15683291E-03
      966000   1.16173737E-03
      967000   1.16644206E-03
      968000   1.17114605E-03
      969000   1.17508566E-03
      970000   1.17839396E-03
      971000   1.17977639E-03
      972000   1.18039502E-03
      973000   1.18127919E-03
      974000   1.18232914E-03
      975000   1.18344545E-03
      976000   1.18429598E-03
      977000   1.18564419E-03
      978000   1.18712499E-03
      979000   1.18877145E-03
      980000   1.19098171E-03
      981000   1.19349011E-03
      982000   1.19633006E-03
      983000   1.19880470E-03
      984000   1.20104686E-03
      985000   1.20236003E-03
      986000   1.20423676E-03
      987000   1.20614644E-03
      988000   1.20802270E-03
      989000   1.20983238E-03
      990000   1.21157558E-03
      991000   1.21302006E-03
      992000   1.21413288E-03
      993000   1.21561019E-03
      994000   1.21715362E-03
      995000   1.21836539E-03
      996000   1.21944444E-03
      997000   1.22075528E-03
      998000   1.22299383E-03
      999000   1.22526509E-03
     1000000   1.22760236E-03
