       100  0.30437195  0.30438232
       200  0.30560857  0.30554199
       300  0.30602288  0.30603027
       400  0.30623060  0.30627441
       500  0.30635530  0.30630493
       600  0.30643797  0.30639648
       700  0.30649734  0.30645752
       800  0.30654234  0.30657959
       900  0.30657709  0.30664062
      1000  0.30660498  0.30664062
      1100  0.30662787  0.30664062
      1200  0.30664688  0.30676270
      1300  0.30666333  0.30676270
      1400  0.30667740  0.30676270
      1500  0.30668944  0.30676270
      1600  0.30669981  0.30676270
      1700  0.30670846  0.30676270
      1800  0.30671674  0.30676270
      1900  0.30672383  0.30676270
      2000  0.30673045  0.30676270
      2100  0.30673647  0.30664062
      2200  0.30674165  0.30664062
      2300  0.30674678  0.30664062
      2400  0.30675137  0.30664062
      2500  0.30675566  0.30664062
      2600  0.30675960  0.30664062
      2700  0.30676317  0.30664062
      2800  0.30676645  0.30664062
      2900  0.30677044  0.30664062
      3000  0.30677384  0.30664062
      3100  0.30677652  0.30664062
      3200  0.30677897  0.30664062
      3300  0.30678147  0.30664062
      3400  0.30678385  0.30664062
      3500  0.30678606  0.30664062
      3600  0.30678803  0.30664062
      3700  0.30678988  0.30664062
      3800  0.30679190  0.30664062
      3900  0.30679351  0.30664062
      4000  0.30679506  0.30664062
      4100  0.30679721  0.30664062
      4200  0.30679917  0.30664062
      4300  0.30680048  0.30664062
      4400  0.30680192  0.30664062
      4500  0.30680305  0.30664062
      4600  0.30680418  0.30664062
      4700  0.30680543  0.30664062
      4800  0.30680662  0.30664062
      4900  0.30680758  0.30664062
      5000  0.30680853  0.30664062
      5100  0.30680901  0.30664062
      5200  0.30680996  0.30664062
      5300  0.30681080  0.30664062
      5400  0.30681169  0.30664062
      5500  0.30681252  0.30664062
      5600  0.30681324  0.30664062
      5700  0.30681396  0.30664062
      5800  0.30681497  0.30664062
      5900  0.30681580  0.30664062
      6000  0.30681664  0.30664062
      6100  0.30681735  0.30664062
      6200  0.30681807  0.30664062
      6300  0.30681878  0.30664062
      6400  0.30681938  0.30664062
      6500  0.30682027  0.30664062
      6600  0.30682093  0.30664062
      6700  0.30682153  0.30664062
      6800  0.30682200  0.30664062
      6900  0.30682260  0.30664062
      7000  0.30682319  0.30664062
      7100  0.30682373  0.30664062
      7200  0.30682439  0.30664062
      7300  0.30682486  0.30664062
      7400  0.30682534  0.30664062
      7500  0.30682588  0.30664062
      7600  0.30682629  0.30664062
      7700  0.30682689  0.30664062
      7800  0.30682731  0.30664062
      7900  0.30682766  0.30664062
      8000  0.30682796  0.30664062
      8100  0.30682832  0.30664062
      8200  0.30682892  0.30664062
      8300  0.30682945  0.30664062
      8400  0.30682987  0.30664062
      8500  0.30683023  0.30664062
      8600  0.30683070  0.30664062
      8700  0.30683106  0.30664062
      8800  0.30683136  0.30664062
      8900  0.30683172  0.30664062
      9000  0.30683196  0.30664062
      9100  0.30683231  0.30664062
      9200  0.30683249  0.30664062
      9300  0.30683285  0.30664062
      9400  0.30683315  0.30664062
      9500  0.30683339  0.30664062
      9600  0.30683357  0.30664062
      9700  0.30683386  0.30664062
      9800  0.30683410  0.30664062
      9900  0.30683440  0.30664062
     10000  0.30683470  0.30664062
